gf.grd
DSAA
201 201
-1000 1000
-1000 1000
0.0554997625445321 2.35398485409466
[rows 80 to 99 of 201, columns 135 to 179 of 201]
1.5181574608852 1.47373935593483 1.42799090883318 1.38116188816444 1.33355399586178 1.28550931967318 1.23739211065796 1.18956650186667 1.14237422668894 1.09611639535189 1.05104194571844 1.00734331211613 0.965158136932261 0.924575011032578 0.885641218332698 0.848370921141485 0.81275280445852 0.7787566920437 0.74633898654159 0.715446981989216 0.686022189585816 0.658002846448965 0.631325771880782 0.60592771529376 0.581746315064894 0.55872076354739 0.536792252521395 0.51590425611677 0.496002694518863 0.477036011088896 0.458955187338593 0.441713713975759 0.425267531540415 0.409574950622276 0.394596559006386 0.380295121118328 0.366635473666343 0.353584420279841 0.341110627128134 0.329184520897521 0.317778190057757 0.30686529001851 0.296420952535591 0.286421699549956 0.276845361516481
1.53206399093473 1.48724356427446 1.44108635891132 1.39384351990268 1.34581820325851 1.29735400421011 1.24881670792901 1.20057198007513 1.15296305700765 1.10629249549055 1.06081059926812 1.01671106723962 0.974132688667292 0.933165071840685 0.893856381567198 0.856221521864174 0.820249781570008 0.785911455079169 0.753163289796536 0.721952807940528 0.692221642913128 0.66390805937361 0.63694882104401 0.611280549999319 0.586840696411443 0.56356821376434 0.54140401368633 0.520291257358943 0.500175526789304 0.481004908589754 0.46273001474313 0.445303958626068 0.42868229987612 0.412822968164369 0.397686173292605 0.383234307056414 0.369431840838165 0.356245221791225 0.343642769655304 0.331594575632162 0.320072404297517 0.309049599190107 0.298500992472126 0.288402818874923 0.278732634012878
1.54505885255646 1.49986732665676 1.45333330735798 1.40570915846069 1.35729931848733 1.30844870887944 1.25952446266763 1.21089359193622 1.16290065494567 1.1158494837748 1.06999159080055 1.02552179952511 0.982579925748802 0.941256495833542 0.90160047750646 0.863627459441373 0.827327297022167 0.792670736054724 0.759614865512016 0.728107446406425 0.698090256486695 0.669501619419231 0.642278282066807 0.616356783273812 0.591674432856213 0.568169995611746 0.545784154355919 0.524459808855967 0.504142253905059 0.484779269169633 0.466321145302826 0.448720664628524 0.431933050026398 0.415915892130767 0.4006290623174 0.386034616974854 0.372096697078616 0.358781425980842 0.346056807503451 0.33389262580791 0.322260348057344 0.311133030547778 0.30048522873432 0.290292911394175 0.280533379034087
1.5571752069 1.51164190571084 1.46476103042822 1.41678602477486 1.36802245980138 1.31881642537612 1.26953624062165 1.22055010234929 1.17220373314704 1.12480209077466 1.07859775791336 1.03378655839271 0.990509226349522 0.948857115341105 0.908879922959622 0.870593867115933 0.833989331188349 0.799037489491235 0.765695763769389 0.73391215740373 0.703628606617072 0.674783516955235 0.647313648312541 0.621155491617332 0.596246255635754 0.572524558523055 0.54993089799084 0.528407956869198 0.50790078724922 0.488356905812426 0.469726324836861 0.451961537198984 0.435017469028621 0.418851410165296 0.403422929930223 0.388693783753644 0.374627814718431 0.361190852975275 0.348350615157318 0.33607660530507 0.324340018352036 0.313113646879283 0.30237179159333 0.292090175794701 0.282245863967042
1.56844402305008 1.52259653535649 1.4753969523454 1.42709967509057 1.37801127554624 1.32847887408478 1.27887183479492 1.22955939816049 1.18088831338833 1.13316453265246 1.08664158687028 1.04151618961715 0.997929896002901 0.95597480376997 0.915701272261079 0.877126095398543 0.840240145734809 0.805015000807996 0.771408402228905 0.739368593873729 0.708837678152044 0.679754158316868 0.652054829803561 0.625676163464782 0.600555298951242 0.576630742699542 0.553842844266414 0.53213410769465 0.511449381033851 0.491735956586104 0.472943606351045 0.455024570990684 0.43793351598503 0.421627465149243 0.406065719055144 0.391209763928483 0.377023175116908 0.363471518117368 0.350522249324388 0.338144618041393 0.326309570835513 0.314989658971415 0.304158949403796 0.293792939618759 0.283868476474183
1.57889409529417 1.53275842889058 1.48526664211128 1.43667398477197 1.38728791374145 1.33745645879373 1.28754990529331 1.23793841377881 1.18896963919173 1.14095041249578 1.094135104748 1.04872122061115 1.00485104843014 0.962617354332784 0.922071096100974 0.883229592954515 0.846084168221105 0.810606775970423 0.776755461832831 0.74447870414054 0.71371877411181 0.684414282799143 0.656502077557206 0.629918630690162 0.60460103834895 0.580487723990835 0.557518920022271 0.535636984220538 0.514786593993051 0.494914851002691 0.47597132061043 0.457908024447453 0.440679399791492 0.42424223593066 0.408555595076311 0.393580723419396 0.379280956450851 0.365621621561391 0.352569940109114 0.34009493052325 0.328167313549882 0.31675942039869 0.305845104292421 0.295399655729613 0.285399721628904
1.58855208183434 1.54215280828618 1.49439383163918 1.44553115383758 1.39587301400394 1.34576824448004 1.29558794297099 1.24570308120885 1.19646211325772 1.14817264658104 1.10108979628294 1.05541176981908 1.0112815095416 0.968792380708005 0.927995880791047 0.888909806247442 0.851525893666587 0.815816446268368 0.781739795819309 0.749244645925417 0.718273435228716 0.688764888033056 0.660655914926972 0.633883005890933 0.608383233806965 0.584094962553057 0.560958333197023 0.538915584801264 0.517911252834828 0.497892277676957 0.478808047635443 0.460610394777783 0.443253557246 0.426694118243447 0.410890929266373 0.395805023190394 0.381399521351206 0.367639537655668 0.354492081932922 0.341925964115516 0.329911700377341 0.318421422007651 0.307428787541913 0.296908898477498 0.286838218759401
1.59744255663859 1.55080294679954 1.50280044765449 1.45369172696804 1.40378571482688 1.35343195142688 1.30300225038578 1.25286829827603 1.20337925379583 1.15484340999487 1.10751654024499 1.06159747549494 1.01722974037152 0.974507235898233 0.933481944751126 0.894172095233545 0.856569800861392 0.820647686452596 0.786364350679195 0.753668710904601 0.722503368682592 0.692807163288688 0.664517075699639 0.637569625365895 0.611901877566317 0.587452155415528 0.564160529944158 0.541969144687117 0.520822417716684 0.500667153560876 0.481452589400283 0.463130393822763 0.445654631798661 0.428981706063809 0.413070282488592 0.397881205053369 0.383377404582749 0.369523804290347 0.356287224360509 0.343636287174371 0.331541324324209 0.319974286212622 0.30890865477331 0.298319359657003 0.288182698081961
1.60558806852197 1.55873021922829 1.51050665191302 1.46117462270353 1.41104367106711 1.36046396064537 1.30980793515509 1.25944791027156 1.20973366514686 1.16097409721451 1.11342556119198 1.06728744001611 1.02270377543431 0.979768946141077 0.938535369452766 0.899021662729829 0.861220281423615 0.825104144590115 0.790632097748066 0.757753258801037 0.7264103852839 0.696542430181281 0.668086448611303 0.640978997602266 0.61515714664377 0.590559192986705 0.567125155030052 0.544797100160926 0.52351934992987 0.503238594959571 0.483903943949615 0.465466925036386 0.447881453158722 0.43110377361201 0.415092389370215 0.399807977801487 0.385213300938795 0.371273112368739 0.357954062977431 0.345224607174968 0.333054910756425 0.321416761209992 0.310283481022937 0.299629844342005 0.289431997200233
1.61300920327991 1.56595415579487 1.51753088582369 1.46799716799456 1.41766307785639 1.36687932685401 1.31601891200341 1.26545470135961 1.21553701911685 1.166575294179 1.1188263932889 1.07249018660903 1.02771117360729 0.984584157236645 0.943161942464851 0.903463495392493 0.865481579831478 0.829189382151864 0.794545974215582 0.761500660039126 0.729996344355398 0.699972090225318 0.671365027893997 0.644111757023154 0.618149359891452 0.593416119455971 0.56985201554129 0.547399055462098 0.526001481911551 0.505605890474137 0.486161281095763 0.467619061749238 0.449933017931886 0.433059258170845 0.416956143113498 0.401584203830822 0.386906053500703 0.372886295542024 0.359491430448247 0.346689762952744 0.334451310694995 0.322747715210036 0.311552155803293 0.300839266678745 0.290585057543021
1.61972464594395 1.57249249680919 1.52388991667884 1.47417513532965 1.42365869815913 1.37269179622637 1.32164791069948 1.27090039294383 1.22080004423992 1.17165675911842 1.12372785354229 1.07721362595589 1.03225897916157 0.988959091094377 0.947367110606784 0.907502314529033 0.869357742878553 0.832906823003969 0.798108832439351 0.764913246052615 0.733263105588241 0.70309757867879 0.67435386944066 0.646968622707779 0.620878939420482 0.596023096994186 0.572341047873384 0.549774752523945 0.528268389651371 0.507768475967939 0.488223919813244 0.46958602684539 0.451808471425231 0.434847243860475 0.418660581082691 0.403208886385207 0.388454642391368 0.374362320329404 0.360898287869694 0.348030717164624 0.335729494269455 0.32396613077583 0.312713678229726 0.301946645711171 0.291640920807555
1.6257512411257 1.57836124611426 1.5295988835058 1.4797227804393 1.42904389194372 1.37791382683219 1.32670648776726 1.27579564684522 1.22553252080779 1.1762274099881 1.12813802233466 1.08146503063569 1.0363536909915 0.992899510673561 0.951155941529562 0.911142535225696 0.872852577204501 0.836259710129561 0.801323396562101 0.767993266409218 0.736212487190381 0.705920324136313 0.677054052172713 0.649550361778815 0.623346376176944 0.598380373620392 0.574592287933131 0.551924043508894 0.530319767518035 0.509725911612879 0.490091307410157 0.471367173947983 0.453507090725217 0.436466946480786 0.420204871280284 0.404681157536172 0.389858174131803 0.375700276728826 0.36217371651858 0.349246549063845 0.336888544416492 0.325071099350062 0.313767152287194 0.302951101306664 0.292598725470279
1.63110405005516 1.5835747219297 1.53467134113956 1.48465287914106 1.43383064548328 1.38255661023158 1.33120504037324 1.28015007164471 1.22974327998406 1.1802953168113 1.13206422957153 1.08525101574585 1.04000123844869 0.996410691806328 0.954533092316017 0.914388232500125 0.875969613740419 0.839251069055232 0.804192225542525 0.770742851995762 0.73884622969778 0.708441713359553 0.679466644206025 0.651857757147831 0.625552199444689 0.600488254580571 0.576605844460348 0.553846866096477 0.532155405500543 0.511477861041462 0.491763000526019 0.472961970180498 0.455028269127909 0.437917699508288 0.421588299803718 0.40600026699122 0.3911158716934 0.376899369408087 0.36331691008066 0.350336447670366 0.337927650901048 0.326061816041853 0.314711782303736 0.303851850243421 0.293457703421182
1.63579640337438 1.58814560414471 1.5391193015391 1.48897676230327 1.43802959970644 1.38663009307959 1.33515282118486 1.28397223092832 1.23344020569632 1.18386769759411 1.13551304509489 1.08857752437047 1.04320696247974 0.99949740065579 0.957502783924406 0.917243113389295 0.878712078076054 0.841883677093274 0.80671768181816 0.773163983588887 0.741165964877233 0.710663060871557 0.68159267343235 0.653891579318161 0.627496950046944 0.602347077073785 0.578381875358557 0.555543221459212 0.533775168836483 0.513024072607355 0.493238647982214 0.47436998054797 0.456371501978978 0.439198941314064 0.422810259354946 0.407165571805702 0.392227065322111 0.377958909552263 0.364327167434648 0.351299705407996 0.338846104727372 0.326937574736931 0.315546868690177 0.304648202514638 0.294217176772732
1.63983994906821 1.59208497742226 1.54295327167348 1.49270434820426 1.44165007681642 1.39014299789639 1.33855795329157 1.28726965246796 1.2366302382898 1.18695091676059 1.13849027229132 1.09144981682064 1.04597560100871 1.00216387578314 0.960068780497913 0.919710494057379 0.88108286590553 0.844160037636137 0.808901904920527 0.775258465216885 0.743173189210349 0.712585582885564 0.683433102162549 0.655652561961003 0.629181157025322 0.603957188159698 0.579920566916967 0.557013154849699 0.535178979985121 0.51436436274015 0.494517975493707 0.475590853964275 0.457536373963063 0.440310203652435 0.423870238859334 0.408176527059133 0.393191184197403 0.378878307430678 0.365203886053622 0.352135712268995 0.33964329299833 0.327697763586909 0.316271803998079 0.305339557898274 0.294876554888505
1.6432446951377 1.59540236969499 1.54618228751981 1.49584417178059 1.44470010461581 1.39310284237977 1.34142744450515 1.29004883759809 1.23931937915407 1.18955048528123 1.14100094404274 1.09387246278439 1.04831127770593 1.00441381398436 0.962234372732479 0.921793281159619 0.883084522841351 0.846082358853298 0.810746789458023 0.777027901795684 0.74486924150929 0.714210375184566 0.684988805510817 0.657141381002446 0.63060531758739 0.605318925686724 0.581222115804812 0.558256738716703 0.536366802894123 0.515498601369152 0.495600772237684 0.476624310938579 0.458522547868698 0.44125110145633 0.424767814236976 0.409032677543653 0.394007748976987 0.379657065735832 0.365946556076443 0.352843950557715 0.340318694273117 0.328341860925255 0.316886069341465 0.305925402835008 0.295435331671221
1.6460190467753 1.59810578578501 1.54881394386825 1.49840341041342 1.44718643813411 1.39551595680242 1.34376720052658 1.29231527022371 1.24151269571228 1.19167106184739 1.14304932034537 1.09584933569629 1.05021749345076 1.00625035921296 0.964002364640579 0.923493956830691 0.884719228004176 0.847652536243783 0.812253966969995 0.778473680595347 0.746255284274866 0.715538394615883 0.686260553235568 0.658358636985782 0.631769880132044 0.606432602090552 0.582286713724482 0.559274058268179 0.537338629505166 0.516426699384652 0.496486879267084 0.477470132923925 0.459329754844345 0.442021323964487 0.425502640358778 0.409733650502379 0.3946763652679 0.380294773736695 0.366554755092503 0.353423990256504 0.340871874465418 0.328869431650958 0.31738923122121 0.306405307651273 0.295893083145018
1.64816983790382 1.60020173598394 1.5508544197358 1.50038790601388 1.44911457827301 1.39738749916016 1.3455820365973 1.29407342503148 1.24321432630382 1.19331645458749 1.1446388870669 1.09738360878052 1.05169711993489 1.00767609403901 0.965375063173258 0.924814566780978 0.885988780900101 0.848872138590307 0.813424791236612 0.779596956163201 0.747332288465502 0.716570443911903 0.687248994789886 0.659304840501859 0.632675230182545 0.607298490927249 0.583114534618022 0.560065199403167 0.538094468443911 0.517148598102301 0.497176179751295 0.478128153324773 0.459957786153469 0.44262062719741 0.426074444210876 0.410279149445893 0.39519671805619 0.380791102280694 0.367028143674901 0.353875485049219 0.341302483317253 0.32928012411383 0.317780938784859 0.306778924158477 0.296249465361125
1.64970235700834 1.60169525949825 1.5523084992638 1.50180218324654 1.45048878726903 1.39872146782974 1.3468756873521 1.29532677458177 1.24442748460226 1.1944896229373 1.14577235543029 1.09847775233932 1.05275239497006 1.00869303320766 0.966354270271266 0.925756711085647 0.886894591190786 0.849742396945549 0.814260326704138 0.78039863839472 0.748101021401738 0.7173071595953 0.68795464737314 0.659980400510738 0.633321679080854 0.607916816022166 0.583705724333732 0.560630238941719 0.538634335843668 0.517664260696885 0.497668591025235 0.478598250156489 0.460406486431554 0.44304882779285 0.426483019284463 0.410668949068754 0.395568567119646 0.381145799671377 0.367366461690519 0.354198169031254 0.341610251477027 0.329573667529659 0.318060921549115 0.307045983654503 0.296504212651681
1.65062036723059 1.60258994270935 1.55317958802328 1.50264946378564 1.45131210083612 1.39952071156474 1.34765081466834 1.29607779504427 1.2451544633019 1.19519267937158 1.14645166191124 1.09913353195928 1.05338491916414 1.00930261895902 0.966941277010801 0.926321537341558 0.887437671045524 0.850264196358135 0.814761339754657 0.780879383505238 0.74856203758428 0.717749002772701 0.688377886813391 0.660385615409626 0.633709455321693 0.608287743135487 0.584060392673942 0.560969237092357 0.538958248257851 0.517973665575006 0.497964058427955 0.478880340347983 0.46067574844486 0.443305798207161 0.426728221202575 0.410902891281338 0.395791743442673 0.381358688442263 0.367569525408609 0.354391854128367 0.341794988204339 0.329749869947358 0.318228987606452 0.307206295348126 0.29665713625133
