gf.grd
DSAA
201 201
-1000 1000
-1000 1000
0.0554997625445321 2.35398485409466
[rows 180 to 199 of 201, columns 90 to 134 of 201]
0.281773694104676 0.282687109600508 0.283506333450003 0.284230701961796 0.284859636029982 0.285392638789742 0.285829293522036 0.286169261834969 0.286412282144972 0.286558168476293 0.286606809593396 0.286558168476299 0.286412282144969 0.286169261834964 0.285829293522034 0.285392638789745 0.284859636029981 0.284230701961798 0.28350633345 0.282687109600507 0.281773694104676 0.28076683780076 0.27966738141525 0.278476258442478 0.27719449811608 0.27582322842072 0.274363679088166 0.272817184517186 0.271185186552504 0.269469237054627 0.267671000188883 0.265792254360228 0.263834893718602 0.261800929159799 0.259692488747787 0.257511817487156 0.255261276378468 0.252943340695629 0.250560597431948 0.248115741871228 0.245611573252139 0.243050989506303 0.240436981066072 0.237772623753233 0.235061070776451
0.27232338723933 0.273194572560524 0.273975968493787 0.274666927215784 0.275266882730562 0.275775348853086 0.276191917402677 0.276516256631405 0.276748109909458 0.276887294684504 0.276933701728978 0.276887294684498 0.276748109909445 0.276516256631405 0.276191917402676 0.275775348853084 0.275266882730554 0.274666927215787 0.273975968493787 0.273194572560536 0.272323387239325 0.271363144376889 0.270314662185172 0.269178847690672 0.267956699248674 0.266649309075793 0.265257865750186 0.263783656625113 0.262228070098005 0.260592597674527 0.258878835764413 0.257088487144869 0.25522336202577 0.253285378652113 0.251276563379986 0.249199050165324 0.247055079409036 0.244846996107364 0.242577247263802 0.240248378527462 0.237863030032823 0.235423931427126 0.232933896084778 0.230395814520982 0.227812647031289
0.263269584499222 0.264100599028744 0.264846005212298 0.265505172411821 0.266077548999182 0.26656266063204 0.26696010870444 0.267269568996147 0.267490790540608 0.267623594727632 0.267667874653518 0.267623594727632 0.267490790540615 0.267269568996154 0.266960108704435 0.266562660632039 0.266077548999186 0.265505172411822 0.264846005212302 0.264100599028747 0.263269584499219 0.262353673143566 0.261353659351297 0.260270422450934 0.259104928821836 0.257858234006545 0.256531484777868 0.255125921112162 0.253642878017341 0.252083787161868 0.250450178249286 0.248743680081742 0.246966021255803 0.245119030434361 0.243204636140291 0.241224866020021 0.23918184552951 0.237077796000012 0.234915032047814 0.23269595829947 0.230423065413434 0.228098925388426 0.225726186160381 0.223307565500963 0.220845844242621
0.254592967913029 0.255385774717086 0.256096944108118 0.256725863640839 0.257271997031881 0.257734882694704 0.258114132419095 0.258409430217157 0.258620531354093 0.258747261578819 0.258789516566174 0.258747261578822 0.258620531354089 0.258409430217157 0.258114132419087 0.257734882694702 0.257271997031885 0.25672586364084 0.256096944108123 0.255385774717087 0.254592967913032 0.253719213887741 0.252765282255045 0.251732023785461 0.250620372164921 0.249431345739584 0.248166049205734 0.246825675201384 0.245411505753653 0.243924913534843 0.242367362877906 0.240740410502464 0.239045705901653 0.237284991341527 0.235460101426431 0.233572962186186 0.231625589645126 0.229620087837504 0.227558646239714 0.225443536596778 0.223277109128138 0.221061788106871 0.218800066815382 0.216494501891193 0.214147707086121
0.246275255743544 0.247031724951912 0.247710328198895 0.248310471970833 0.248831636061073 0.249273372334131 0.24963530360802 0.249917122674833 0.250118591476209 0.250239540447937 0.250279868043991 0.250239540447936 0.250118591476204 0.249917122674825 0.249635303608031 0.249273372334129 0.248831636061073 0.248310471970826 0.247710328198896 0.247031724951915 0.246275255743544 0.245441588725609 0.24453146808852 0.243545715502145 0.242485231565552 0.241350997231334 0.240144075167969 0.238865611021346 0.237516834535033 0.23609906048732 0.234613689402269 0.233062207991573 0.231446189284633 0.229767292404711 0.228027261951603 0.226227926953203 0.224371199352205 0.222459071998622 0.22049361612361 0.218476978276936 0.216411376716569 0.214299097247016 0.212142488510902 0.209943956746942 0.207705960036318
0.238299144275873 0.239021056514651 0.239668684917301 0.240241455408416 0.240738864377857 0.241160477647034 0.241505929530506 0.241774922010962 0.241967224043134 0.242082670999261 0.242121164265897 0.242082670999258 0.241967224043141 0.241774922010969 0.241505929530505 0.241160477647043 0.240738864377867 0.240241455408419 0.239668684917298 0.239021056514655 0.238299144275879 0.237503593849798 0.236635123617525 0.2356945258763 0.234682668019534 0.233600493682614 0.232449023821573 0.231229357690301 0.229942673680274 0.228590229986104 0.227173365059039 0.225693497811248 0.224152127533357 0.222550833489557 0.220891274155838 0.219175186069852 0.217404382263678 0.215580750255156 0.213706249578177 0.211782908837184 0.209812822277909 0.207798145872675 0.205741092925512 0.203643929210109 0.201508967660724
0.230648252778641 0.231337302625133 0.231955471125582 0.232502203949937 0.232977014421348 0.233379482660281 0.233709254803876 0.233966042317213 0.234149621410624 0.234259832574406 0.234296580240056 0.234259832574407 0.234149621410625 0.233966042317216 0.233709254803875 0.233379482660289 0.232977014421356 0.232502203949934 0.231955471125587 0.231337302625141 0.230648252778642 0.229888944481875 0.229060070143958 0.228162392646705 0.227196746290304 0.226164037697581 0.225065246647931 0.223901426810342 0.222673706343553 0.221383288331223 0.220031451018963 0.218619547820645 0.217149007061778 0.215621331428941 0.214038097096038 0.212400952500369 0.210711616744785 0.208971877605217 0.207183589127948 0.20534866880496 0.203469094321491 0.201546899875706 0.199584172076241 0.197583045430108 0.195545697439632
0.223307071507275 0.223964870941173 0.224555021122379 0.225076987602837 0.225530300819044 0.225914555391821 0.226229409484294 0.226474584233068 0.226649863265285 0.226755092312033 0.226790178926436 0.226755092312035 0.22664986326528 0.226474584233066 0.22622940948429 0.22591455539182 0.225530300819044 0.22507698760284 0.224555021122382 0.223964870941179 0.223307071507279 0.222582222894602 0.221790991566288 0.220934111138915 0.220012383124751 0.219026677627621 0.217977933966281 0.216867161198448 0.215695438517301 0.214463915492119 0.213173812124111 0.211826418689159 0.210423095339521 0.208965271437733 0.20745444459799 0.205892179411756 0.204280105837892 0.202619917240176 0.200913368059332 0.199162271110527 0.197368494502518 0.195533958178992 0.193660630088476 0.191750521994679 0.189805684944344
0.216260912614319 0.216888994443043 0.217452497513864 0.21795090725283 0.218383771256136 0.218750698725988 0.219051359949913 0.219285485836925 0.21945286752222 0.219553356049774 0.219586862140271 0.219553356049774 0.219452867522222 0.219285485836932 0.219051359949918 0.218750698725993 0.21838377125614 0.217950907252833 0.217452497513861 0.216888994443041 0.216260912614319 0.215568829364041 0.214813385393974 0.213995285366387 0.213115298470627 0.212174258939544 0.211173066492541 0.210112686681488 0.208994151114876 0.207818557534945 0.206587069723003 0.205300917207982 0.203961394754168 0.202569861605229 0.2011277404632 0.199636516182903 0.198097734165262 0.196512998435159 0.194883969393755 0.193212361237976 0.191499939044916 0.189748515522504 0.187959947432936 0.186136131700039 0.184279001216312
0.209495863829218 0.210095685069053 0.210633844818834 0.211109848248941 0.211523260048647 0.211873703980455 0.212160862465192 0.212384476209983 0.212544343889582 0.212640321889451 0.212672324117571 0.212640321889452 0.212544343889583 0.212384476209989 0.212160862465195 0.211873703980455 0.211523260048648 0.211109848248948 0.210633844818841 0.210095685069055 0.209495863829214 0.208834935910543 0.208113516570061 0.207332281959505 0.206491969540777 0.205593378448429 0.20463736977901 0.203624866785899 0.202556854958192 0.201434381961544 0.200258557419147 0.199030552511358 0.197751599373202 0.196422990269919 0.195046076532459 0.193622267236577 0.192153027611243 0.190639877165084 0.189084387522284 0.18748817996268 0.18585292266474 0.184180327653456 0.182472147459609 0.180730171500802 0.178956222198903
0.202998744771015 0.203571689968869 0.204085745676912 0.204540436578399 0.204935344294262 0.205270107040154 0.205544419303583 0.205758031551714 0.205910749979541 0.206002436305839 0.206033007623116 0.206002436305833 0.205910749979544 0.205758031551723 0.205544419303588 0.205270107040155 0.204935344294265 0.204540436578402 0.204085745676915 0.203571689968866 0.202998744771018 0.202367442688355 0.201678373958492 0.200932186774833 0.200129587572418 0.199271341259149 0.198358271374494 0.197391260156994 0.196371248501472 0.195299235786973 0.194176279556128 0.193003495027413 0.191782054422429 0.190513186091149 0.189198173419652 0.187838353506595 0.186435115596551 0.184989899260793 0.183504192318793 0.18197952849653 0.18041748482112 0.178819678754129 0.177187765070205 0.175523432490431 0.173828400083984
0.196757065759236 0.197304450242332 0.197795579530435 0.198229997504149 0.198607302475795 0.198927146935272 0.199189237306735 0.199393333725762 0.199539249845573 0.199626852678881 0.199656062481139 0.199626852678886 0.199539249845583 0.199393333725763 0.19918923730673 0.198927146935266 0.198607302475793 0.198229997504149 0.19779557953043 0.197304450242332 0.196757065759242 0.196153936886116 0.195495629354922 0.194782764040043 0.194016017133545 0.193196120264925 0.19232386054953 0.191400080549178 0.190425678128465 0.18940160618977 0.188328872270615 0.18720853798694 0.186041718307199 0.184829580642387 0.183573343739138 0.182274276363964 0.180933695768955 0.179552965931264 0.178133495560938 0.176676735874253 0.175184178132942 0.173657350951834 0.17209781738132 0.170507171773395 0.168887036443881
0.19075898899136 0.191282062035075 0.191751383653392 0.192166516540215 0.192527075394242 0.192832726741291 0.193083188759622 0.193278231117035 0.193417674827234 0.19350139213149 0.193529306410768 0.193501392131492 0.193417674827227 0.193278231117043 0.193083188759617 0.192832726741295 0.192527075394249 0.192166516540216 0.191751383653396 0.191282062035076 0.190758988991366 0.190182654004107 0.189553598884087 0.188872417894723 0.188139757833364 0.187356318056864 0.186522850437497 0.185640159234705 0.184709100868099 0.183730583577 0.182705566952575 0.181635061327707 0.180520127012345 0.179361873360978 0.178161457661731 0.176920083836871 0.175639000946633 0.174319501490236 0.172962919499811 0.171570628425292 0.170144038811021 0.168684595767118 0.167193776241307 0.16567308609987 0.164124057028885
0.184993291959532 0.185493239865275 0.18594181640391 0.186338602643398 0.186683229311332 0.186975376682734 0.187214774464356 0.187401201683248 0.187534486586411 0.187614506556827 0.187641188050399 0.187614506556827 0.187534486586415 0.187401201683252 0.187214774464352 0.186975376682736 0.186683229311323 0.186338602643398 0.185941816403912 0.185493239865271 0.184993291959521 0.184442441378426 0.183841206651591 0.183190156192235 0.182489908299347 0.181741131104189 0.1809445424491 0.180100909685899 0.179211049380997 0.178275826914582 0.177296155961463 0.176272997841248 0.175207360726665 0.174100298699385 0.172952910643715 0.171766338969943 0.170541768160818 0.169280423135865 0.167983567430247 0.166652501187492 0.165288558966444 0.163893107366021 0.16246754247342 0.161013287143212 0.159531788118153
0.179449332983508 0.179927282060849 0.180356122581039 0.180735453503427 0.181064921185285 0.181344219325226 0.18157308889805 0.181751318087359 0.181878742222228 0.181955243722851 0.181980752058778 0.181955243722846 0.181878742222229 0.181751318087353 0.181573088898048 0.181344219325222 0.181064921185273 0.180735453503422 0.180356122581037 0.179927282060852 0.179449332983515 0.178922723827341 0.178347950522947 0.17772555643337 0.177056132289748 0.176340316072035 0.175578792824243 0.174772294392801 0.173921599077112 0.173027531181126 0.172090960455204 0.171112801417774 0.170094012546951 0.169035595333118 0.167938593184542 0.166804090178939 0.165633209655465 0.164427112643336 0.163186996124251 0.161914091128496 0.160609660665553 0.159274997492734 0.157911421727218 0.156520278308433 0.155102934320491
0.174117018741988 0.174574038190491 0.174984100770954 0.175346822818241 0.175661865887453 0.175928936744755 0.17614778734487 0.176318214801429 0.176440061355197 0.176513214344924 0.176537606183884 0.176513214344927 0.176440061355199 0.176318214801434 0.17614778734488 0.17592893674475 0.175661865887448 0.175346822818247 0.174984100770959 0.174574038190493 0.174117018741995 0.173613471299797 0.173063869908595 0.17246873370859 0.171828626815939 0.171144158149234 0.170415981192613 0.169644793685927 0.168831337232029 0.167976396811741 0.167080800197147 0.1661454172541 0.16517115912567 0.164158977288846 0.163109862477524 0.162024843466431 0.16090498571094 0.159751389839995 0.15856519000016 0.157347552050829 0.156099671611871 0.154822771967095 0.153518101828663 0.152186932968807 0.150830557727995
0.168986773689377 0.169423878377266 0.169816072572631 0.170162989445346 0.170464305292087 0.17071973956704 0.170929054895527 0.171092057076085 0.171208595075654 0.171278561021759 0.171301890194661 0.171278561021756 0.171208595075659 0.17109205707608 0.170929054895518 0.170719739567043 0.170464305292085 0.170162989445343 0.169816072572631 0.169423878377272 0.168986773689377 0.168505168412227 0.167979515438793 0.167410310531279 0.16679809215603 0.166143441265748 0.165446981020689 0.164709376440405 0.163931333977772 0.163113601006583 0.162256965215088 0.161362253897361 0.160430333135596 0.159462106866721 0.158458515827452 0.157420536373504 0.15634917916858 0.155245487741331 0.154110536908631 0.152945431065536 0.151751302343627 0.150529308640785 0.149280631527274 0.148006474034363 0.146708058333178
0.164049511250493 0.164467664388412 0.164842853597502 0.165174728325092 0.165462979135629 0.165707337774661 0.165907577212712 0.166063511674207 0.16617499665524 0.166241928933762 0.166264246575008 0.166241928933764 0.166174996655231 0.16606351167421 0.1659075772127 0.165707337774654 0.165462979135627 0.165174728325092 0.164842853597504 0.16446766438841 0.164049511250497 0.163588785764431 0.16308592041851 0.162541388450716 0.161955703646642 0.161329420085919 0.160663131830274 0.159957472545532 0.159213115050554 0.158430770785577 0.157611189193354 0.156755157006053 0.155863497432217 0.154937069237943 0.153976765717773 0.15298351355108 0.151958271541303 0.15090202923585 0.149815805426068 0.148700646527738 0.147557624843877 0.146387836712846 0.145192400546406 0.143972454763356 0.142729155625985
0.159296606690941 0.159696722399855 0.160055726142792 0.160373283076294 0.160649097547083 0.160882913183535 0.16107451296481 0.161223719272019 0.161330393924953 0.161394438207426 0.161415792883662 0.161394438207423 0.161330393924953 0.161223719272024 0.161074512964807 0.160882913183533 0.160649097547081 0.16037328307629 0.16005572614279 0.159696722399844 0.159296606690941 0.158855752931323 0.15837457395752 0.157853521339007 0.15729308514634 0.156693793669392 0.156056213079652 0.155380947029961 0.154668636185362 0.153919957679064 0.153135624487213 0.152316384717092 0.151463020803314 0.150576348607482 0.149657216417467 0.14870650384277 0.147725120603851 0.146714005214004 0.145674123553253 0.144606467335063 0.143512052467749 0.142391917313497 0.141247120849171 0.140078740734412 0.138887871293477
0.154719871565679 0.155102817339304 0.155446413443149 0.155750340169522 0.156014315155274 0.156238093495812 0.156421467834992 0.156564268434718 0.156666363227296 0.15672765785342 0.156748095687698 0.15672765785343 0.156666363227297 0.156564268434721 0.156421467834992 0.156238093495813 0.156014315155276 0.155750340169523 0.155446413443148 0.155102817339304 0.154719871565682 0.154297933032423 0.153837395677084 0.15333869025223 0.152802284069964 0.152228680698518 0.151618419605144 0.150972075739738 0.150290259053976 0.14957361395024 0.148822818655461 0.148038584515009 0.147221655202079 0.146372805838877 0.145492842026114 0.144582598778378 0.143642939363424 0.142674754044354 0.141678958724681 0.140656493497209 0.139608321098305 0.13853542527076 0.137438809039136 0.136319492902396 0.135178512949964
