gf.grd
DSAA
201 201
-1000 1000
-1000 1000
0.0554997625445321 2.35398485409466
[rows 40 to 59 of 201, columns 0 to 44 of 201]
0.0991260337124395 0.101379066187087 0.103694997170043 0.106075780080847 0.108523426626934 0.111040007659482 0.11362765390803 0.116288556571451 0.119024967739967 0.121839200620361 0.124733629532375 0.12771068964093 0.130772876384256 0.13392274455324 0.137162906972786 0.140496032728814 0.143924844880149 0.147452117585765 0.151080672571616 0.154813374852736 0.15865312761674 0.162602866166749 0.166665550809639 0.170844158566328 0.175141673568344 0.179561075993102 0.184105329378607 0.188777366145281 0.193580071141482 0.198516263017439 0.203588673223148 0.208799922417788 0.214152494074302 0.219648705063271 0.225290673006479 0.231080280205894 0.237019133979757 0.243108523276643 0.249349371495296 0.255742185515749 0.262287001049781 0.268983324550708 0.275830072088278 0.282825505795339 0.289967168733802
0.100415383506007 0.102717462707733 0.105084589760406 0.107518823152316 0.110022285192927 0.112597163165303 0.115245710370937 0.117970247044685 0.120773161115265 0.123656908782447 0.126624014878919 0.12967707298135 0.132818745229226 0.136051761806092 0.139378920032249 0.142803083010586 0.146327177761849 0.149954192776936 0.153687174905886 0.157529225494004 0.161483495665165 0.165553180642003 0.169741512980038 0.174051754580187 0.178487187330799 0.183051102214862 0.187746786703281 0.192577510239384 0.197546507602892 0.20265695992703 0.207911973125857 0.213314553476737 0.218867580091225 0.224573774001402 0.230435663587691 0.236455546081505 0.242635444894874 0.248977062561504 0.255481729126069 0.262150345892985 0.268983324550708 0.275980521826399 0.28314117000645 0.290463803885362 0.297946184984037
0.10170831588267 0.104059946617484 0.106478817107339 0.108967094349478 0.11152701498591 0.114160886778344 0.116871089991752 0.11966007866498 0.122530381743682 0.12548460404725 0.128525427037756 0.131655609354674 0.134877987074224 0.138195473647004 0.14161105946136 0.145127810973281 0.14874886933665 0.152477448458297 0.156316832394518 0.160270371994124 0.164341480682687 0.168533629270144 0.172850339649637 0.177295177241277 0.181871742018066 0.1865836579334 0.191434560551266 0.196428082660187 0.201567837631205 0.206857400259057 0.212300284804198 0.217899919933259 0.223659620235995 0.229582553982097 0.235671706770189 0.24192984071865 0.248359448855846 0.254962704389847 0.26174140457993 0.268696909000453 0.275830072088281 0.28314117000645 0.290629822048293 0.298294907055706 0.306134475641891
0.103004107972831 0.105405763427615 0.107876891668632 0.110419771584962 0.113036757824105 0.115730282615966 0.118502857524457 0.12135707510585 0.124295610449561 0.127321222573579 0.130436755643021 0.133645139975794 0.136949392793923 0.140352618674258 0.143858009645184 0.147468844869378 0.151188489844202 0.155020395043109 0.158968093910276 0.163035200110916 0.167225403925968 0.171542467666865 0.175990219970059 0.180572548814708 0.185293393087247 0.190156732496943 0.195166575623449 0.200326945853775 0.205641864939999 0.211115333881534 0.21675131080815 0.222553685510563 0.22852625023745 0.234672666351852 0.240996426416961 0.247500811265457 0.254188841600227 0.26106322368207 0.268126288687718 0.275379925376619 0.282825505795339 0.290463803885362 0.298294907055706 0.306318121047215 0.314531868767534
0.10430200990199 0.106754129572585 0.109277994579895 0.111875999014489 0.114550619127143 0.117304415528945 0.120140035340664 0.123060214271504 0.126067778603729 0.129165647056443 0.132356832497556 0.135644443468465 0.139031685481102 0.142521862040303 0.14611837533917 0.149824726566236 0.153644515755458 0.157581441101313 0.161639297648379 0.165821975255302 0.170133455717281 0.17457780891737 0.179159187858937 0.183881822413085 0.188750011593033 0.19376811414418 0.198940537212438 0.204271722824511 0.209766131882483 0.215428225341862 0.221262442205037 0.227273173925373 0.233464734777234 0.239841327709086 0.246407005159231 0.253165624281784 0.260120796005514 0.26727582733611 0.274633656319875 0.282196779120635 0.289967168733802 0.297946184984037 0.306134475641887 0.314531868767534 0.323137256767468
0.105601245409626 0.108104233048012 0.110681276311024 0.113334887710391 0.116067668604707 0.118882311802674 0.121781604140209 0.124768429012529 0.12784576883919 0.131016707436506 0.13428443226753 0.137652236535322 0.141123521080012 0.144701796033796 0.148390682181682 0.152193911967519 0.156115330076307 0.160158893513951 0.164328671093455 0.168628842224711 0.17306369488948 0.17763762266693 0.182355120656837 0.187220780125287 0.192239281675116 0.197415386715728 0.202753926977457 0.208259791781933 0.213937912743139 0.21979324553292 0.225830748300119 0.232055356284677 0.238471952116462 0.245085331235714 0.251900161817713 0.258920938532118 0.266151929419886 0.273597115133518 0.28126011976492 0.289144132490486 0.297251819304833 0.305585224210343 0.31414565939833 0.322933584221991 0.331948473150244
0.10690101257914 0.109455234171059 0.11208585745663 0.11479551648206 0.117586941106581 0.120462960035959 0.123426503857081 0.126480608056735 0.129628416003645 0.132873181870058 0.136218273464924 0.13966717494565 0.143223489370819 0.146890941049266 0.150673377635091 0.154574771908601 0.15859922317596 0.162750958208081 0.167034331628716 0.171453825647397 0.176014049017243 0.180719735080644 0.185575738744599 0.190587032205315 0.195758699214653 0.201095927652222 0.206604000131926 0.212288282335063 0.218154208717796 0.224207265194071 0.23045296834049 0.23689684061137 0.243544380987412 0.250401030411742 0.257472131294264 0.26476288028889 0.272278273474516 0.280023043000774 0.288001584203203 0.296217872157001 0.304675366638672 0.313376904517784 0.322324578730035 0.331519603218762 0.340962163610009
0.108200484680327 0.110806266463569 0.113490829661603 0.116256932845126 0.119107437636327 0.122045312199633 0.125073634763503 0.128195597158682 0.131414508353759 0.134733797966635 0.138157019725797 0.141687854850914 0.145330115316866 0.149087746959492 0.152964832373829 0.15696559354798 0.16109439416621 0.165355741504056 0.169754287826325 0.174294831184048 0.17898231549098 0.183821829740549 0.188818606203441 0.193978017420664 0.199305571778989 0.204806907422476 0.210487784216997 0.216354073441634 0.22241174483224 0.228666850546928 0.235125505560948 0.241793863927369 0.248678090261678 0.255784325721208 0.263118647654964 0.270687021998084 0.278495247378323 0.286548889795403 0.294853206632375 0.303413058672113 0.312232808735016 0.321316205544868 0.33066625149736 0.340285053183924 0.350173653860823
0.109498811123228 0.112156437658195 0.114895256681941 0.117718154139317 0.120628126528849 0.123628284876555 0.126721858774517 0.129912200470799 0.133202788994697 0.136597234298162 0.140099281389897 0.143712814434505 0.147441860783846 0.151290594901183 0.155263342132699 0.159364582271801 0.163598952853145 0.167971252101864 0.17248644145122 0.177149647527315 0.18196616348266 0.186941449540812 0.19208113259154 0.197391004650285 0.202877019964696 0.208545290516276 0.214402079624196 0.220453793311774 0.226706969041103 0.233168261359371 0.239844423928393 0.246742287326341 0.253868731917668 0.261230654980854 0.268834931165789 0.276688365221011 0.284797635789438 0.2931692289199 0.301809359787274 0.310723880965715 0.319918175467674 0.329397032670986 0.33916450523271 0.349223745175899 0.359576817589126
0.110795118522839 0.113504830826216 0.116298175579456 0.119178168794488 0.122147944791544 0.125210760682153 0.128370000952344 0.131629182136088 0.134991957565474 0.138462122181293 0.142043617383877 0.145740535899904 0.1495571266357 0.153497799481494 0.157567130025006 0.161769864123748 0.166110922276732 0.170595403725964 0.175228590203899 0.180015949230309 0.184963136843373 0.190075999630276 0.195360575899557 0.20082309580946 0.20646998023524 0.212307838120517 0.218343462014856 0.22458382144798 0.231036053732386 0.237707451716148 0.244605447927471 0.251737594458244 0.259111537825989 0.266734987928182 0.274615680059955 0.282761328804385 0.291179572422705 0.299877906171099 0.308863602756253 0.318143617916533 0.327724478895972 0.337612153379878 0.347811896317308 0.358328072009774 0.369163948964708
0.11208851187233 0.114850505625125 0.117698598048914 0.120635937742303 0.123665799606978 0.12679158986391 0.130016851209088 0.133345268100817 0.136780672168728 0.140327047731664 0.143988537407867 0.147769447796914 0.151674255208524 0.155707611407025 0.159874349334294 0.164179488765952 0.168628241846875 0.173226018440933 0.177978431218005 0.182891300386291 0.187970657960953 0.193222751439697 0.198654046732254 0.204271230162811 0.210081209330964 0.216091112578361 0.222308286761945 0.228740292980515 0.235394899837479 0.242280073747112 0.249403965702631 0.256774893819755 0.264401320846388 0.27229182568488 0.280455067805549 0.288899743235157 0.297634530580864 0.30666802529566 0.316008660107791 0.325664609226236 0.335643673607288 0.345953144239219 0.356599640102899 0.367588917242086 0.37892564529924
0.113378075821842 0.11619249966257 0.119095511873515 0.122090395970595 0.125180569992752 0.128369592075201 0.131661166203328 0.135059148142966 0.138567551540913 0.142190554186412 0.145932504421225 0.149797927682717 0.153791533159408 0.157918220533352 0.162183086777785 0.166591432970788 0.171148771077258 0.175860830641439 0.180733565319756 0.185773159169813 0.19098603259392 0.196378847816243 0.201958513748082 0.207732190067809 0.213707290308406 0.219891483705629 0.226292695511957 0.232919105424964 0.239779143711074 0.246881484524999 0.254235035828841 0.261848925200189 0.269732480682055 0.277895205664713 0.286346746597239 0.295096852099044 0.304155321774659 0.313531942724347 0.323236411385093 0.333278237930985 0.343666630012812 0.354410352135404 0.365517556482526 0.376995580546839 0.388850706578705
0.114662876059076 0.117529829972752 0.120487882504877 0.123540454214877 0.126691108614344 0.129943558318955 0.133301671425027 0.136769478110289 0.140351177456205 0.14405114448739 0.147873937420148 0.151824305109845 0.155907194681822 0.160127759326724 0.164491366234576 0.169003604636045 0.173670293910392 0.178497491710693 0.183491502044891 0.188658883237753 0.194006455682461 0.199541309270921 0.205270810368096 0.211202608168617 0.217344640238982 0.223705137009404 0.230292624930226 0.237115927949819 0.244184166900379 0.251506756293542 0.25909339792515 0.266954070565886 0.275099014864969 0.283538712415149 0.292283857711327 0.301345321475753 0.310734103512503 0.320461272885231 0.330537892776547 0.340974926879163 0.35178312358515 0.362972873584282 0.374554035771085 0.386535725629902 0.398926059584787
0.115941960786729 0.118861494599897 0.121874654761198 0.124985000781364 0.128196243743247 0.13151225305277 0.134937063460787 0.138474882359434 0.142130097354753 0.145907284115593 0.149811214496599 0.153846864929712 0.158019425076081 0.162334306725167 0.166797152923508 0.171413847308805 0.176190523618543 0.181133575332326 0.186249665397676 0.191545735975116 0.197029018123361 0.202707041326954 0.208587642745265 0.214678976035638 0.220989519569335 0.227528083819719 0.234303817653297 0.241326213195131 0.248605108868753 0.256150690123005 0.263973487251645 0.272084369581653 0.280494535146934 0.289215494769878 0.298259049236574 0.307637257961574 0.317362397186967 0.327446905333604 0.337903312608376 0.348744151356121 0.359981842917227 0.371628555905349 0.383696029856887 0.396195357148404 0.409136714984815
0.117214362291251 0.12018647428252 0.123254754637504 0.126422903493882 0.129694781352893 0.133074416447341 0.136566012429301 0.140173956384999 0.143902827183348 0.147757404163387 0.151742676163861 0.155863850895867 0.160126364656791 0.1645358923801 0.169098358011546 0.173819945196457 0.178707108256952 0.183766583429713 0.189005400325052 0.194430893556729 0.200050714477489 0.205872842937497 0.211905598962126 0.218157654218996 0.224638043112863 0.231356173307678 0.2383218354277 0.245545211630888 0.25303688267602 0.260807833016174 0.268869453341915 0.277233539862644 0.285912289447951 0.294918289543548 0.304264501521981 0.313964235811319 0.324031116755012 0.334479034674246 0.345322082012619 0.356574469719614 0.36825041915338 0.380364023732437 0.392929073329511 0.405958832978826 0.41946576589681
0.118479098596351 0.121503734231558 0.12462709121922 0.127853011755673 0.131185507342253 0.13462876678686 0.138187164575456 0.141865269625697 0.145667854434284 0.149599904628516 0.15366662893133 0.157873469547534 0.162226112976517 0.166730501254574 0.171392843625479 0.176219628634783 0.181217636636869 0.186393952697469 0.191755979866046 0.197311452781678 0.203068451563658 0.209035415921644 0.215221159401312 0.2216348836565 0.228286192609437 0.235185106323417 0.242342074366231 0.249767988385926 0.257474193549177 0.265472498404646 0.273775182623297 0.282395001929858 0.291345189367919 0.300639451824702 0.31029196047161 0.320317333437269 0.33073060860433 0.341547203888737 0.352782861694433 0.364453573407281 0.376575478765927 0.38916473368667 0.402237338592063 0.415808917473204 0.429894435808836
0.119735175193873 0.122812225993904 0.125990558690894 0.129274158716415 0.132667189876317 0.136174002999619 0.139799145009317 0.143547368432315 0.14742364136508 0.151433157911325 0.155581349107284 0.159873894349626 0.164316733338599 0.168916078548618 0.173678428234204 0.178610579977374 0.18371964477749 0.189013061678914 0.194498612925815 0.200184439623321 0.20607905787444 0.212191375347227 0.218530708209668 0.225106798347864 0.231929830755164 0.239010450945853 0.246359782203311 0.253989442418163 0.261911560203283 0.270138789885937 0.278684324868279 0.287561908709051 0.296785843104173 0.306370991722408 0.316332778569999 0.326687179199744 0.337450702625349 0.348640361222045 0.360273625160601 0.372368356990601 0.38494272081587 0.398015059032319 0.411603727771669 0.425726879954212 0.44040218216659
0.120981586844084 0.124110889392769 0.127344038429509 0.130685163533319 0.134138581831 0.137708807304609 0.14140056057465 0.145218779180416 0.149168628380252 0.15325551249327 0.157485086805597 0.161863270062688 0.166396257569368 0.17109053491799 0.175952892363465 0.180990439862136 0.186210622787799 0.191621238334667 0.197230452611558 0.203046818424218 0.209079293734165 0.21533726077007 0.221830545753226 0.228569439178867 0.235564716570788 0.242827659595362 0.250370077380608 0.258204327835373 0.266343338697926 0.274800627960185 0.283590323206979 0.292727179272876 0.302226593443902 0.312104617205899 0.322377963251671 0.33306400608556 0.344180774083746 0.355746930248467 0.367781738097077 0.380305008099885 0.393337018765172 0.406898404788588 0.421010002553656 0.435692640597008 0.450966859352532
0.122217319436698 0.125398654534959 0.128686401172077 0.132084833714336 0.13559842332907 0.13923184795951 0.14299000283015 0.14687801150885 0.150901237553725 0.155065296773413 0.159376070129641 0.163839717312059 0.168462691015155 0.173251751946895 0.178213984598836 0.1833568138058 0.188688022122007 0.194215768037794 0.199948605057288 0.205895501652788 0.212065862103872 0.218469548220796 0.225116901938596 0.232018768752643 0.239186521944662 0.246632087520732 0.254367969746407 0.26240727711719 0.270763748541653 0.279451779434971 0.288486447318349 0.29788353638559 0.307659560324468 0.317831782454566 0.328418231947906 0.33943771451461 0.350909815433749 0.362854892154234 0.375294052835184 0.388249116079057 0.401742545657874 0.415797352148019 0.430436950956064 0.445684963105557 0.461564941223825
0.123441351903347 0.126674443874938 0.130016509245627 0.133471967530404 0.137045444352779 0.140741782093678 0.144566051125445 0.148523561663571 0.152619876269008 0.15686082303632 0.161252509503855 0.165801337323194 0.170514017726772 0.175397587832899 0.18045942782871 0.185707279070976 0.191149263145512 0.196793901923862 0.20265013865513 0.20872736012686 0.215035419924735 0.221584662814099 0.228385950256463 0.235450687061492 0.242790849157062 0.25041901243614 0.258348382607353 0.266592825933832 0.275166900688773 0.284085889081776 0.293365829312291 0.303023547276831 0.313076687286002 0.323543740922109 0.334444072870247 0.345797942162969 0.35762651675836 0.369951878684573 0.382797016074765 0.396185797215642 0.410142920148255 0.424693829274458 0.439864587690371 0.455681690414817 0.472171799106643
