gf.grd
DSAA
201 201
-1000 1000
-1000 1000
0.0554997625445321 2.35398485409466
[rows 140 to 159 of 201, columns 135 to 179 of 201]
1.00174845399832 0.975343561638911 0.948218455617032 0.920506276265574 0.892366373505236 0.863978451062498 0.835533367142514 0.807221902544042 0.779223528595527 0.751697207290709 0.724775534609201 0.69856250137583 0.673134285943979 0.648542072995831 0.624815886718623 0.601968656635821 0.580000024617605 0.558899648495112 0.538649927146586 0.519228169781389 0.500608278368131 0.482762026608958 0.465660016360106 0.449272382352396 0.433569303788883 0.418521369548445 0.404099833417269 0.39027678730126 0.377025273649896 0.364319353101979 0.352134139368942 0.340445810341727 0.329231602125188 0.318469790990443 0.308139666952432 0.298221501720733 0.288696513054177 0.279546827014023 0.270755439209903 0.262306175833712 0.254183655052833 0.246373249167359 0.238861047811391 0.231633822385894 0.224678991841609
0.965983122928851 0.940940275847291 0.915241117197236 0.889007628666991 0.862384379492328 0.835533367142514 0.808626098555502 0.781834005576224 0.755318860225214 0.729224855423368 0.703673444825985 0.678761204653609 0.654560275899919 0.631120582565898 0.608472991941713 0.586632753068498 0.565602779975907 0.545376550303894 0.525940535216505 0.507276164239829 0.489361373075162 0.472171799106644 0.455681690414812 0.439864587690365 0.42469382927445 0.410142920148252 0.39618579721564 0.382797016074766 0.369951878684576 0.357626516758361 0.345797942162967 0.33444407287025 0.323543740922102 0.313076687286005 0.303023547276835 0.293365829312289 0.284085889081773 0.275166900688773 0.266592825933832 0.258348382607348 0.250419012436132 0.242790849157051 0.235450687061488 0.228385950256459 0.221584662814109
0.930434015357711 0.90673931133982 0.882450614380443 0.85767894912182 0.832554454615659 0.807221902544042 0.781834005576224 0.756543403602173 0.731494649805083 0.706817518534922 0.682622522722274 0.658998888875051 0.636014679649338 0.613718447603152 0.592141754728517 0.571302007717135 0.551205233303185 0.531848580976523 0.513222461984333 0.495312310910452 0.478099998297179 0.461564941223824 0.445684963105561 0.430436950956061 0.415797352148025 0.401742545657867 0.38824911607906 0.37529405283519 0.362854892154228 0.350909815433746 0.339437714514615 0.328418231947907 0.317831782454568 0.307659560324469 0.297883536385587 0.288486447318353 0.279451779434962 0.270763748541653 0.26240727711719 0.254367969746401 0.246632087520739 0.239186521944661 0.232018768752649 0.225116901938603 0.218469548220784
0.895360631021801 0.872986468904027 0.85007764728295 0.826734623283358 0.803073768557488 0.779223528595527 0.755318860225214 0.731494649805083 0.707879131265676 0.684588323152557 0.661722187174582 0.639362736233519 0.617573891900151 0.596402639028255 0.57588096379962 0.556028131155718 0.53685298264188 0.518356061065991 0.500531467354109 0.48336842172754 0.466852540512064 0.450966859352538 0.435692640597005 0.421010002553652 0.406898404788593 0.393337018765175 0.380305008099885 0.367781738097074 0.355746930248464 0.34418077408374 0.333064006085557 0.322377963251668 0.312104617205898 0.302226593443904 0.292727179272875 0.283590323206981 0.274800627960185 0.266343338697932 0.258204327835384 0.250370077380626 0.24282765959536 0.235564716570792 0.228569439178873 0.221830545753233 0.215337260770062
0.860989484809963 0.839896488444735 0.818324112812475 0.79636279700234 0.774116051438607 0.751697207290709 0.729224855423368 0.706817518534922 0.684588323152557 0.662640438152286 0.641063823450963 0.619933491850007 0.59930916827785 0.579236028548438 0.559746133663807 0.540860210600021 0.522589514933076 0.504937603269163 0.487901921468516 0.471475170664824 0.455646448454669 0.44040218216659 0.425726879954217 0.411603727771678 0.398015059032321 0.384942720815867 0.37236835699061 0.360273625160598 0.348640361222052 0.337450702625342 0.326687179199744 0.316332778569999 0.306370991722419 0.29678584310417 0.287561908709051 0.278684324868282 0.270138789885929 0.261911560203286 0.253989442418171 0.246359782203307 0.239010450945855 0.231929830755166 0.225106798347863 0.218530708209669 0.21219137534722
0.827505115801961 0.807644586967973 0.787355232780722 0.766718145562981 0.745825040627735 0.724775534609201 0.703673444825985 0.682622522722274 0.661722187174582 0.641063823450963 0.620728060867689 0.600783204111424 0.581284761826828 0.562275858433203 0.543788250915592 0.525843683314431 0.508455364656441 0.491629421508605 0.47536623573258 0.459661623576693 0.444507843126377 0.429894435808835 0.415808917473205 0.402237338592059 0.38916473368667 0.376575478765929 0.364453573407284 0.352782861694433 0.341547203888741 0.330730608604332 0.320317333437275 0.310291960471612 0.300639451824697 0.291345189367922 0.282395001929864 0.27377518262329 0.265472498404654 0.257474193549175 0.249767988385925 0.242342074366231 0.235185106323421 0.228286192609434 0.221634883656492 0.215221159401313 0.209035415921644
0.795047177717933 0.77636371848959 0.757296967611119 0.737919420413186 0.718312140631415 0.69856250137583 0.678761204653609 0.658998888875051 0.639362736233519 0.619933491850007 0.600783204111424 0.581973832637256 0.563556705822371 0.545572689978125 0.528052874202925 0.511019571391581 0.494487466102394 0.478464784048463 0.462954401544888 0.447954849077365 0.433461189185082 0.419465765896803 0.405958832978816 0.392929073329515 0.380364023732429 0.36825041915338 0.356574469719616 0.345322082012616 0.33447903467425 0.324031116755013 0.313964235811322 0.304264501521982 0.294918289543548 0.28591228944795 0.27723353986265 0.268869453341914 0.260807833016175 0.253036882676015 0.245545211630874 0.2383218354277 0.231356173307689 0.224638043112862 0.21815765421899 0.211905598962122 0.205872842937505
0.763712495749026 0.746146500192409 0.728237744247914 0.710050911968694 0.691657566254907 0.673134285943979 0.654560275899919 0.636014679649338 0.617573891900151 0.59930916827785 0.581284761826828 0.563556705822371 0.546172247338152 0.529169846695713 0.512579608601752 0.496423999337688 0.480718719316121 0.465473628375177 0.450693651911592 0.43637962317821 0.422529038240183 0.409136714984816 0.396195357148406 0.383696029856886 0.371628555905348 0.35998184291723 0.348744151356129 0.337903312608388 0.327446905333611 0.31736239718697 0.307637257961585 0.298259049236572 0.289215494769875 0.280494535146931 0.272084369581665 0.263973487251642 0.256150690123005 0.248605108868752 0.241326213195131 0.234303817653299 0.227528083819722 0.220989519569336 0.214678976035635 0.208587642745264 0.202707041326954
0.733560292390832 0.71705011129959 0.700232939160256 0.68316643346741 0.665913761970253 0.648542072995831 0.631120582565898 0.613718447603152 0.596402639028255 0.579236028548438 0.562275858433203 0.545572689978125 0.529169846695713 0.513103302868579 0.497401927842276 0.482087981989075 0.467177765560538 0.452682338344819 0.43860824884047 0.424958231632382 0.411731848284865 0.3989260595848 0.386535725629899 0.374554035771092 0.36297287358428 0.351783123585147 0.340974926879168 0.330537892776547 0.320461272885231 0.310734103512505 0.301345321475755 0.292283857711324 0.283538712415152 0.275099014864976 0.266954070565893 0.259093397925147 0.251506756293538 0.244184166900392 0.237115927949814 0.230292624930225 0.223705137009403 0.217344640238989 0.211202608168614 0.2052708103681 0.19954130927092
0.704618837052507 0.689102525155111 0.673310606666763 0.65729446779761 0.641109907989051 0.624815886718623 0.608472991941713 0.592141754728517 0.57588096379962 0.559746133663807 0.543788250915592 0.528052874202925 0.512579608601752 0.497401927842276 0.482547286007236 0.468037445713146 0.453888949487979 0.440113670092167 0.42671938897192 0.413710366181843 0.401087877747357 0.388850706578706 0.376995580546841 0.365517556482527 0.354410352135402 0.343666630012816 0.333278237930974 0.323236411385091 0.313531942724346 0.304155321774654 0.295096852099042 0.286346746597244 0.277895205664713 0.26973248068205 0.261848925200185 0.254235035828844 0.246881484525003 0.239779143711075 0.232919105424962 0.226292695511961 0.219891483705625 0.213707290308399 0.207732190067807 0.201958513748085 0.196378847816234
0.676892223274685 0.662308860128869 0.647477333182342 0.632443463901597 0.617256613464666 0.601968656635821 0.586632753068498 0.571302007717135 0.556028131155718 0.540860210600021 0.525843683314431 0.511019571391581 0.496423999337688 0.482087981989075 0.468037445713146 0.454293432556534 0.440872433842654 0.427786803847622 0.415045212410942 0.40265310500035 0.39061314804512 0.378925645299242 0.36758891724209 0.3565996401029 0.345953144239219 0.335643673607282 0.325664609226234 0.316008660107796 0.306668025295658 0.297634530580872 0.288899743235159 0.280455067805552 0.272291825684877 0.264401320846381 0.25677489381976 0.249403965702632 0.242280073747112 0.235394899837479 0.228740292980516 0.222308286761944 0.216091112578369 0.210081209330963 0.20427123016282 0.198654046732255 0.19322275143969
0.650366504862159 0.636657131038888 0.622723553410109 0.608606675460725 0.594350247277278 0.580000024617605 0.565602779975907 0.551205233303185 0.53685298264188 0.522589514933076 0.508455364656441 0.494487466102394 0.480718719316121 0.467177765560538 0.453888949487979 0.440872433842654 0.428144428181847 0.415717494271227 0.403600895487587 0.391800963907245 0.380321465384404 0.369163948964713 0.358328072009773 0.3478118963173 0.337612153379872 0.327724478895961 0.318143617916531 0.308863602756249 0.299877906171093 0.291179572422697 0.282761328804388 0.274615680059951 0.266734987928188 0.259111537825997 0.251737594458236 0.244605447927482 0.237707451716158 0.231036053732383 0.224583821447982 0.218343462014848 0.212307838120519 0.206469980235229 0.200823095809463 0.195360575899551 0.190075999630276
0.62501485059848 0.61212308397513 0.599028032925563 0.585766265416963 0.572376646642318 0.558899648495112 0.545376550303894 0.531848580976523 0.518356061065991 0.504937603269163 0.491629421508605 0.478464784048463 0.465473628375177 0.452682338344819 0.440113670092167 0.427786803847622 0.415717494271227 0.403918291424113 0.392398806859312 0.381166003290469 0.370224490872527 0.359576817589128 0.349223745175896 0.339164505232708 0.329397032670992 0.319918175467675 0.310723880965713 0.301809359787282 0.2931692289199 0.284797635789444 0.276688365221002 0.268834931165788 0.261230654980858 0.253868731917669 0.246742287326342 0.239844423928387 0.233168261359368 0.226706969041097 0.22045379331178 0.214402079624193 0.208545290516276 0.202877019964707 0.197391004650282 0.192081132591541 0.186941449540821
0.600801656700584 0.588674058271288 0.57636146150635 0.563896617149351 0.551314137370292 0.538649927146586 0.525940535216505 0.513222461984333 0.500531467354109 0.487901921468516 0.47536623573258 0.462954401544888 0.450693651911592 0.43860824884047 0.42671938897192 0.415045212410942 0.403600895487587 0.392398806859312 0.381448707284086 0.370757975738538 0.360331847605421 0.350173653860821 0.340285053183929 0.330666251497358 0.321316205544865 0.312232808735008 0.303413058672112 0.294853206632371 0.286548889795413 0.278495247378321 0.270687021998079 0.26311864765497 0.25578432572121 0.248678090261679 0.241793863927365 0.235125505560942 0.228666850546925 0.222411744832231 0.216354073441634 0.210487784216998 0.20480690742248 0.199305571778993 0.193978017420661 0.18881860620343 0.183821829740557
0.577685706328799 0.566271959075092 0.554689230535357 0.542966911468143 0.531135907598291 0.519228169781389 0.507276164239829 0.495312310910452 0.48336842172754 0.471475170664824 0.459661623576693 0.447954849077365 0.43637962317821 0.424958231632382 0.413710366181843 0.40265310500035 0.391800963907245 0.381166003290469 0.370757975738538 0.360584500638576 0.350651253951061 0.340962163610011 0.331519603218761 0.322324578730043 0.313376904517776 0.304675366638665 0.296217872157003 0.288001584203199 0.280023043000765 0.272278273474515 0.264762880288892 0.257472131294278 0.250401030411753 0.243544380987413 0.236896840611372 0.230452968340491 0.224207265194072 0.218154208717795 0.212288282335055 0.206604000131934 0.201095927652225 0.19575869921466 0.190587032205315 0.185575738744612 0.180719735080636
0.555622527023237 0.544875481034592 0.533973521058701 0.52294307885405 0.511811824834251 0.500608278368131 0.489361373075162 0.478099998297179 0.466852540512064 0.455646448454669 0.444507843126377 0.433461189185082 0.422529038240183 0.411731848284865 0.401087877747357 0.39061314804512 0.380321465384404 0.370224490872527 0.360331847605421 0.350651253951061 0.341188673435009 0.331948473150248 0.322933584221995 0.314145659398345 0.305585224210348 0.297251819304833 0.289144132490489 0.281260119764918 0.273597115133517 0.266151929419894 0.25892093853211 0.251900161817715 0.245085331235702 0.23847195211647 0.232055356284677 0.225830748300118 0.219793245532906 0.213937912743139 0.208259791781932 0.202753926977453 0.197415386715731 0.192239281675119 0.187220780125285 0.182355120656839 0.177637622666933
0.534566107174898 0.524441732995089 0.514174838529428 0.503789246832613 0.493309798398949 0.482762026608958 0.472171799106644 0.461564941223824 0.450966859352538 0.44040218216659 0.429894435808835 0.419465765896803 0.409136714984816 0.3989260595848 0.388850706578706 0.378925645299242 0.369163948964713 0.359576817589128 0.350173653860821 0.340962163610011 0.331948473150248 0.32313725676747 0.31453186876753 0.306134475641892 0.297946184984049 0.28996716873379 0.282196779120637 0.274633656319874 0.267275827336104 0.26012079600551 0.253165624281791 0.246407005159225 0.239841327709085 0.233464734777237 0.227273173925367 0.221262442205037 0.215428225341862 0.209766131882481 0.204271722824506 0.198940537212437 0.193768114144175 0.188750011593028 0.183881822413091 0.179159187858934 0.174577808917355
0.514470117810598 0.504927399762262 0.495253118273037 0.485468793020245 0.475596783254581 0.465660016360106 0.455681690414812 0.445684963105561 0.435692640597005 0.425726879954217 0.415808917473205 0.405958832978816 0.396195357148406 0.386535725629899 0.376995580546841 0.36758891724209 0.358328072009773 0.349223745175896 0.340285053183929 0.331519603218761 0.322933584221995 0.31453186876753 0.306318121047218 0.298294907055705 0.290463803885368 0.282825505795333 0.275379925376629 0.268126288687715 0.261063223682063 0.254188841600237 0.247500811265452 0.240996426416959 0.234672666351849 0.228526250237449 0.222553685510563 0.216751310808152 0.211115333881532 0.205641864940007 0.200326945853782 0.195166575623445 0.19015673249695 0.185293393087257 0.180572548814713 0.175990219970059 0.171542467666867
0.495288761852656 0.486289554580863 0.47716850567888 0.467945097305869 0.45863950753274 0.449272382352396 0.439864587690365 0.430436950956061 0.421010002553652 0.411603727771678 0.402237338592059 0.392929073329515 0.383696029856886 0.374554035771092 0.365517556482527 0.3565996401029 0.3478118963173 0.339164505232708 0.330666251497358 0.322324578730043 0.314145659398345 0.306134475641892 0.298294907055705 0.290629822048287 0.283141170006442 0.275830072088287 0.268696909000462 0.261741404579929 0.254962704389846 0.248359448855853 0.241929840718651 0.235671706770184 0.229582553982096 0.223659620235992 0.217899919933263 0.212300284804202 0.206857400259052 0.201567837631208 0.196428082660194 0.191434560551266 0.186583657933396 0.181871742018066 0.177295177241286 0.172850339649637 0.168533629270156
0.476977347906063 0.468486212682078 0.459881894103734 0.451182068288335 0.442404990690107 0.433569303788883 0.42469382927445 0.415797352148025 0.406898404788593 0.398015059032321 0.38916473368667 0.380364023732429 0.371628555905348 0.36297287358428 0.354410352135402 0.345953144239219 0.337612153379872 0.329397032670992 0.321316205544865 0.313376904517776 0.305585224210348 0.297946184984049 0.290463803885368 0.283141170006442 0.275980521826396 0.268983324550702 0.262150345892985 0.255481729126071 0.248977062561511 0.24263544489486 0.23645554608151 0.230435663587694 0.224573774001406 0.21886758009122 0.213314553476743 0.207911973125865 0.202656959927035 0.197546507602886 0.192577510239368 0.187746786703285 0.183051102214857 0.178487187330801 0.17405175458018 0.169741512980019 0.165553180642005
